# blastn
# Iteration: 0
# Query: contig_591846
# RID: ZEZZRMVP114
# Database: n/a
# Fields: query acc.ver, subject acc.ver, % identity, alignment length, mismatches, gap opens, q. start, q. end, s. start, s. end, evalue, bit score
# 44 hits found
contig_591846	STM_0716_E_M_E034_A_bin.10_k121_636627	83.822	1261	170	6	31908	33167	45230	44003	0.0	1359
contig_591846	STM_0716_E_M_E034_A_bin.10_k121_636627	80.186	323	48	6	34674	34987	42144	41829	9.62e-75	282
contig_591846	STM_0716_E_M_E034_A_bin.10_k121_636627	83.168	101	15	2	35252	35351	41837	41738	2.27e-19	99.6
contig_591846	STM_0716_E_M_E034_A_bin.10_k121_636627	75.817	153	29	5	34530	34677	42386	42237	2.76e-18	95.1
contig_591846	STM_0716_E_M_E034_A_bin.10_k121_2196530	81.882	574	74	11	34656	35216	25209	25765	1.85e-153	545
contig_591846	STM_0716_E_M_E034_A_bin.10_k121_2196530	98.529	136	2	0	7600	7735	1	136	3.59e-61	237
contig_591846	STM_0716_E_M_E034_A_bin.10_k121_2196530	82.353	85	11	3	33131	33213	23709	23791	7.41e-13	77.0
contig_591846	STM_0716_E_M_E034_A_bin.10_k121_2196530	86.111	36	5	0	34636	34671	25220	25185	0.015	43.7
contig_591846	STM_0716_E_M_E034_A_bin.10_k121_855758	92.997	357	25	0	6726	7082	50130	50486	1.17e-149	532
contig_591846	STM_0716_E_M_E034_A_bin.10_k121_855758	92.593	270	17	2	1640	1908	45844	46111	2.58e-107	391
contig_591846	STM_0716_E_M_E034_A_bin.10_k121_855758	87.665	227	24	3	11190	11413	52924	53149	4.98e-72	274
contig_591846	STM_0716_E_M_E034_A_bin.10_k121_855758	82.738	168	29	0	7634	7801	51006	51173	1.25e-41	173
contig_591846	STM_0716_E_M_E034_A_bin.10_k121_855758	78.512	121	26	0	37978	38098	42689	42809	1.86e-20	102
contig_591846	STM_0716_E_M_E034_A_bin.10_k121_855758	75.610	123	18	1	5146	5256	48394	48516	9.64e-18	94.2
contig_591846	STM_0716_E_M_E034_A_bin.10_k121_855758	75.229	109	26	1	7634	7742	51611	51718	3.15e-11	72.5
contig_591846	STM_0716_E_M_E034_A_bin.10_k121_855758	88.679	53	6	0	1240	1292	45034	45086	1.10e-10	69.8
contig_591846	STM_0716_E_M_E034_A_bin.10_k121_855758	91.304	46	4	0	11920	11965	53350	53395	1.34e-09	66.2
contig_591846	STM_0716_E_M_E034_A_bin.10_k121_855758	94.444	36	2	0	11766	11801	53220	53255	6.94e-07	57.2
contig_591846	STM_0716_E_M_E034_A_bin.10_k121_855758	69.524	105	13	4	7447	7540	50819	50915	0.004	45.5
contig_591846	STM_0716_E_M_E034_A_bin.10_k121_1974006	84.031	382	52	8	1533	1908	7720	7342	3.14e-106	387
contig_591846	STM_0716_E_M_E034_A_bin.10_k121_1974006	97.531	162	4	0	7504	7665	281	120	1.43e-72	275
contig_591846	STM_0716_E_M_E034_A_bin.10_k121_1974006	100.000	120	0	0	38796	38915	1	120	3.36e-55	217
contig_591846	STM_0716_E_M_E034_A_bin.10_k121_1974006	87.313	134	17	0	1240	1373	7855	7722	1.86e-39	166
contig_591846	STM_0716_E_M_E034_A_bin.10_k121_1974006	85.714	42	6	0	36978	37019	11478	11437	1.03e-04	50.0
contig_591846	STM_0716_E_M_E034_A_bin.10_k121_1879983	77.532	316	47	8	34678	34981	84774	84471	1.25e-60	236
contig_591846	STM_0716_E_M_E034_A_bin.10_k121_1879983	90.217	92	5	3	33113	33204	85839	85752	8.45e-25	116
contig_591846	STM_0716_E_M_E034_A_bin.10_k121_1879983	76.712	146	27	5	34530	34674	85017	84878	2.76e-18	95.1
contig_591846	STM_0716_E_M_E034_A_bin.10_k121_1879983	82.540	63	11	0	11425	11487	85526	85464	4.68e-09	65.3
contig_591846	STM_0716_E_M_E034_A_bin.10_k121_2408248	74.206	252	58	2	34967	35217	19585	19340	7.91e-38	159
contig_591846	STM_0716_E_M_E034_A_bin.10_k121_2408248	74.000	150	26	6	34530	34675	20556	20416	6.09e-14	80.6
contig_591846	STM_0716_E_M_E034_A_bin.10_k121_2408248	75.000	116	17	5	34879	34987	20657	20547	3.84e-10	68.0
contig_591846	STM_0716_E_M_E034_A_bin.10_k121_2408248	65.957	235	50	8	34770	34989	20098	19879	2.42e-06	55.4
contig_591846	STM_0716_E_M_E034_A_bin.10_k121_2408248	72.289	83	23	0	34949	35031	18774	18692	0.001	47.3
contig_591846	STM_0716_E_M_E034_A_bin.10_k121_2408248	75.862	58	14	0	35121	35178	18606	18549	0.015	42.8
contig_591846	STM_0716_E_M_E034_A_bin.10_k121_562610	78.431	153	28	2	34527	34674	18105	17953	5.69e-27	123
contig_591846	STM_0716_E_M_E034_A_bin.10_k121_562610	72.535	142	32	4	34841	34980	16819	16683	1.10e-10	69.8
contig_591846	STM_0716_E_M_E034_A_bin.10_k121_562610	72.269	119	33	0	7637	7755	41449	41331	1.34e-09	67.1
contig_591846	STM_0716_E_M_E034_A_bin.10_k121_398795	74.033	181	46	1	35036	35216	119760	119581	3.59e-23	112
contig_591846	STM_0716_E_M_E034_A_bin.10_k121_2527249	76.230	122	29	0	7634	7755	77052	77173	1.17e-16	90.6
contig_591846	STM_0716_E_M_E034_A_bin.10_k121_1210086	88.406	69	8	0	1829	1897	56927	56859	1.17e-16	89.7
contig_591846	STM_0716_E_M_E034_A_bin.10_k121_820994	91.667	36	3	0	34630	34665	17355	17390	2.95e-05	52.7
contig_591846	STM_0716_E_M_E034_A_bin.10_k121_820994	92.857	28	2	0	34952	34979	17174	17147	0.015	42.8
contig_591846	STM_0716_E_M_E034_A_bin.10_k121_955452	84.444	45	6	1	1631	1675	137092	137049	0.001	47.3
contig_591846	STM_0716_E_M_E034_A_bin.10_k121_309089	74.667	75	16	2	34605	34678	68327	68399	0.004	44.6


